goloso  = [(3, 2),         (78, 12), (253, 22), (528, 32), (903, 42), (1378, 52), (1953, 62), (2628, 72), (3403, 82), (4278, 92)]
vecino0 = [(3, 2),         (78, 12), (253, 22), (528, 32), (903, 42), (1378, 52), (1953, 62), (2628, 72), (3403, 82), (4278, 92)]
vecino1 = [(3, 2),         (78, 12), (253, 22), (528, 32), (903, 42), (1378, 52), (1953, 62), (2628, 72), (3403, 82), (4278, 92)]
vecino2 = [(3, 2),         (78, 12), (253, 22), (528, 32), (903, 42), (1378, 52), (1953, 62), (2628, 72), (3403, 82), (4278, 92)]
tabu-sinmejorar = [(3, 2), (78, 42), (253, 132), (528, 272), (903, 462), (1378, 702), (1953, 992), (2628, 1332), (3403, 1722), (4278, 2162)]
tabu-totaliters = [(3, 2), (78, 42), (253, 132), (528, 272), (903, 462), (1378, 702), (1953, 992), (2628, 1332), (3403, 1722), (4278, 2162)]

calidad = {
  3  : (2,  2,  2,  2,  2,  2,  3),
  13 : (12, 12, 12, 12, 42, 42, 78),
  23 : (22, 22, 22, 22, 132, 132, 253),
  33 : (32, 32, 32, 32, 272, 272, 528),
  43 : (42, 42, 42, 42, 462, 462, 903),
  53 : (52, 52, 52, 52, 702, 702, 1378),
  63 : (62, 62, 62, 62, 992, 992, 1953),
  73 : (72, 72, 72, 72, 1332, 1332, 2628),
  83 : (82, 82, 82, 82, 1722, 1772, 3403),
  93 : (92, 92, 92, 92, 2162, 2162, 4278)
}

           
