[[260, 9, 37, 57, 23, 193, 51, 353, 25, 161, 228, 105, 9, 150, 27, 40, 419, 67, 25, 435, 184, 11, 61, 26, 0, 9, 2, 14, 155, 198, 68, 149, 0, 2, 12, 72, 28, 151, 101, 158, 108, 114, 69, 78, 20, 283, 68, 154, 93, 136, 316, 56, 11, 26, 322, 123, 187, 248, 37, 244, 157, 160, 131, 49, 143, 3, 316, 73, 22, 28, 71, 207, 69, 169, 128, 6, 51, 256, 38, 40, 199, 296, 222, 3, 15, 351, 166, 152, 41, 109, 16, 4, 35, 3, 5, 57, 354, 48, 148, 1, 91, 44, 151, 60, 461, 9, 17, 95, 130, 259, 8, 108, 433,
44, 63, 9, 179, 210, 263, 14, 79, 24, 346, 52, 70, 28, 19, 87, 6, 183, 8, 83, 48, 361, 1, 70, 21, 17, 104, 91, 61, 130, 29, 231, 332, 46, 38, 171, 175, 75, 50, 214, 347, 30, 1, 11, 220, 370, 97, 25, 42, 154, 144, 1, 93, 169, 96, 213, 7, 267, 109, 2, 50, 278, 79, 20, 57, 414, 157, 71, 10, 112, 4, 11, 1, 1, 232, 83, 161, 4, 41, 16, 118, 407, 64, 133, 383, 87, 193, 115, 90, 284, 54, 117, 3, 51, 4, 1, 68, 34, 36, 68, 31, 17, 68, 52, 380, 82, 38, 233, 1, 99, 1, 4, 67, 69, 12, 39, 227, 113, 409,
279, 104, 112, 177, 1, 5, 11, 2, 1, 210, 117, 8, 28, 17, 262, 447, 85, 4, 28, 249, 107, 134, 310, 7, 66, 21, 18, 165, 10, 62, 112, 1, 3, 21, 3, 254, 101, 316, 176, 199, 33, 14, 23, 12, 75, 2, 56, 131, 2, 85, 58, 39, 280, 33, 71, 252, 46, 176, 386, 5, 0, 3, 11, 200, 206, 252, 109, 96, 65, 39, 30, 35, 3, 12, 73, 9, 35, 1, 13, 472, 2, 132, 187, 103, 64, 82, 35, 149, 399, 233, 277, 75, 503, 23, 332, 14, 16, 252, 130, 92, 1, 77, 113, 18, 66, 50, 185, 46, 39, 216, 2, 120, 21, 3, 236, 6, 221,
81, 15, 566, 106, 80, 446, 286, 26, 451, 8, 5, 9, 249, 27, 583, 180, 198, 319, 76, 10, 163, 138, 491, 35, 14, 67, 144, 84, 8, 34, 247, 280, 89, 62, 233, 42, 470, 20, 605, 31, 254, 2, 247, 43, 55, 273, 24, 148, 20, 163, 9, 102, 74, 27, 402, 163, 130, 3, 106, 34, 259, 139, 31, 32, 36, 33, 54, 132, 543, 26, 44, 127, 15, 427, 13, 47, 72, 194, 166, 189, 1, 79, 14, 328, 8, 2, 57, 78, 3, 39, 35, 105, 76, 89, 23, 315, 40, 96, 160, 27, 57, 10, 5, 1, 96, 46, 16, 26, 145, 376, 46, 14, 257, 42, 409,
188, 168, 22, 141, 51, 414, 4, 5, 0, 172, 0, 353, 75, 32, 327, 39, 198, 81, 211, 3, 429, 5, 24, 23, 50, 58, 165, 53, 130, 9, 375, 354, 248, 20, 426, 417, 33], [486, 172, 355, 1100, 1278, 22, 88, 110, 1709, 462, 173, 3, 606, 96, 36, 921, 508, 2, 362, 2074, 808, 327, 42, 9, 26, 1028, 598, 28, 11, 159, 984, 11, 343, 2, 836, 1881, 1334, 94, 948, 7, 167, 485, 860, 93, 107, 346, 150, 42, 1482, 341, 100, 74, 309, 760, 4, 14, 46, 443, 1817, 31, 853, 80, 391, 35, 571, 136, 19, 26, 710, 1112,
830, 241, 1658, 97, 26, 200, 334, 1330, 6, 229, 139, 2707, 67, 8, 190, 30, 267, 40, 167, 372, 1106, 98, 1690, 146, 26, 79, 609, 1767, 412, 845, 188, 226, 700, 1175, 82, 127, 1031, 19, 337, 903, 146, 403, 420, 560, 223, 413, 273, 1149, 247, 485, 19, 220, 247, 936, 848, 325, 2108, 500, 106, 442, 20, 1064, 70, 37, 16, 76, 244, 140, 190, 637, 642, 1892, 243, 215, 1490, 324, 550, 165, 1689, 0, 296, 460, 52, 1648, 45, 35, 792, 1064, 294, 91, 62, 215, 312, 2267, 1838, 29, 75, 561, 595,
337, 78, 44, 1114, 65, 1, 51, 1270, 360, 300, 4, 3, 7, 205, 267, 25, 103, 157, 1551, 54, 584, 3, 174, 348, 544, 7, 70, 222, 7, 825, 18, 155, 26, 157, 345, 22, 19, 24, 65, 5, 563, 567, 307, 1366, 1129, 548, 14, 133, 143, 194, 242, 19, 644, 19, 1675, 603, 240, 483, 48, 379, 111, 9, 14, 1357, 204, 264, 65, 7, 213, 1190, 474, 638, 54, 489, 6, 1261, 1634, 122, 152, 388, 114, 571, 786, 41, 21, 65, 273, 56, 177, 257, 1655, 415, 2518, 75, 847, 12, 614, 503, 170, 1593, 1091, 1866, 888, 12,
175, 213, 1422, 86, 707, 1, 171, 23, 1170, 2582, 44, 8, 1279, 965, 13, 915, 181, 748, 737, 218, 826, 1, 277, 324, 1055, 592, 496, 100, 154, 29, 225, 86, 188, 96, 25, 16, 61, 1068, 9, 425, 285, 707, 55, 268, 1, 966, 36, 59, 54, 862, 4, 465, 111, 568, 117, 128, 344, 936, 726, 1123, 29, 1650, 7, 737, 309, 278, 272, 951, 162, 1958, 141, 1409, 89, 122, 1737, 133, 19, 1079, 407, 1234, 52, 332, 896, 1650, 23, 810, 21, 17, 7, 10, 965, 1, 459, 1526, 17, 244, 906, 1019, 754, 712, 317, 4, 258, 11,
1295, 592, 1409, 1429, 22, 291, 92, 1244, 1520, 128, 16, 64, 37, 2, 246, 144, 1030, 997, 90, 1402, 18, 500, 697], [560, 2022, 261, 293, 342, 194, 129, 11, 1423, 502, 366, 13, 174, 3457, 738, 722, 366, 1294, 2747, 1535, 298, 467, 566, 378, 51, 225, 19, 16, 260, 115, 1267, 272, 677, 119, 76, 848, 10, 763, 928, 240, 599, 2223, 1202, 3721, 789, 287, 306, 907, 337, 237, 3, 1666, 2452, 22, 1239, 430, 9, 1333, 1570, 513, 244, 928, 1350, 28, 923, 4770, 187, 731, 243, 1207, 534, 31, 220, 2230,
205, 20, 4171, 940, 131, 101, 4, 3213, 882, 314, 7, 164, 697, 2074, 1313, 954, 118, 347, 1154, 3275, 243, 658, 1735, 1182, 135, 2140, 66, 3204, 524, 357, 22, 1181, 33, 654, 26, 1863, 256, 75, 653, 23, 26, 2387, 34, 2519, 391, 429, 14, 863, 5208, 200, 1842, 1006, 318, 63, 143, 5, 1224, 3099, 575, 4249, 832, 118, 4, 281, 484, 4869, 415, 5, 1269, 637, 703, 808, 788, 86, 625, 202, 700, 30, 1504, 814, 3081, 9, 1847, 2623, 159, 148, 594, 363, 57, 56, 194, 30, 541, 760, 1196, 3501, 549,
878, 58, 30, 2261, 1817, 7, 501, 261, 142, 1598, 472, 265, 1, 1654, 706, 683, 19, 1766, 89, 851, 196, 749, 1627, 489, 753, 3641, 2097, 830, 501, 1171, 15, 2196, 210, 163, 1820, 57, 3, 594, 5119, 977, 515, 1177, 43, 1671, 932, 41, 553, 303, 14, 198, 186, 1243, 998, 1827, 283, 190, 2158, 151, 70, 1720, 4684, 229, 3424, 109, 1202, 81, 419, 2933, 31, 169, 941, 2075, 539, 1515, 1393, 42, 19, 212, 213, 9, 537, 818, 1415, 209, 208, 1624, 895, 980, 132, 180, 16, 288, 507, 2078, 2612, 173,
488, 373, 48, 175, 1160, 72, 225, 3356, 4074, 186, 171, 543, 4019, 1482, 365, 855, 4, 526, 612, 259, 6, 452, 2029, 147, 1026, 388, 156, 1334, 1187, 2960, 1149, 311, 203], [984, 2863, 727, 11, 764, 181, 900, 887, 57, 187, 5486, 1469, 1899, 265, 2130, 1311, 4457, 40, 2030, 5475, 165, 49, 2132, 1374, 707, 438, 40, 3459, 2448, 3264, 3852, 627, 4685, 3587, 1059, 1594, 1106, 281, 340, 2738, 1998, 14, 1618, 203, 2242, 1653, 2525, 2948, 397, 3385, 1157, 1646, 1002, 2686, 821, 405, 1131, 5312,
2886, 1286, 994, 409, 1050, 4792, 182, 560, 1324, 8432, 2085, 4480, 797, 31, 584, 5590, 4763, 2921, 1440, 1401, 1049, 42, 1046, 3899, 2020, 945, 215, 2774, 245, 769, 1079, 3122, 1710, 4375, 16, 282, 485, 446, 534, 555, 1559, 1498, 222, 1084, 752, 1008, 665, 620, 6062, 2793, 5306, 1184, 2326, 1712, 344, 5210, 141, 2090, 602, 3387, 5232, 4342, 299, 4032, 947, 1556, 543, 195, 1125, 2077, 356, 118, 6413, 1411, 1160, 135, 6265, 796, 7253, 3077, 743, 442, 506, 836, 508, 79, 2306, 849, 90,
36, 466, 300, 1133, 2073, 863, 4560, 549, 987, 16, 533, 6134, 228, 650, 1426, 1076, 1533, 1776, 1300, 1303, 56, 6173, 1060, 2982, 245, 44, 5226, 1499, 34, 623, 2345, 1036, 857, 572, 48, 395, 3636, 262, 17, 6690, 211, 240, 591, 299, 777, 204, 1326, 12, 1782, 3975, 529, 583, 669], [138, 42, 90, 364, 197, 20, 867, 222, 11987, 1577, 573, 342, 5865, 1469, 1151, 169, 388, 927, 1662, 6541, 292, 73, 6766, 1591, 1123, 2329, 2493, 3116, 3258, 219, 1828, 1756, 136, 1291, 2822, 260, 336, 68, 20,
264, 6034, 11277, 519, 6381, 1190, 1229, 2232, 241, 1253, 8267, 600, 143, 2797, 733, 1168, 874, 3409, 2159, 8095, 325, 1064, 2340, 11149, 478, 141, 192, 2245, 1601, 2500, 189, 792, 470, 30, 31, 714, 597, 449, 3287, 4422, 622, 252, 3421, 508, 2913, 4408, 2020, 1969, 168, 191, 7471, 94, 1508, 1436, 2813, 3762, 4844, 8676, 1254, 919, 6941], [10193, 1637, 285, 3654, 2065, 8826, 197, 9068, 7480, 74, 1720, 464, 1279, 10201, 1336, 1187, 1788, 2931, 9567, 1743, 2974, 2732, 30, 5598, 4947,
11192, 870, 39, 1991, 139, 2098, 8845, 1531, 2872, 337, 1898, 1324, 16428, 500, 3675, 1999, 3576, 14605, 1488, 420, 409, 3170, 1400, 825, 10795], [13453, 3719, 1577, 4564, 3504, 2173, 4983, 1650, 8649, 5715, 4100, 9365, 1193, 4897, 2569, 166, 1097, 4829, 11499, 4209, 466, 2157, 758, 453, 24848, 218, 990, 4489, 17094, 418, 1297, 488, 11577, 14602, 11922, 4345, 3040, 2322, 61, 1989], [848, 8914, 5394, 4101, 1269, 1955, 859, 2143, 5002, 8148, 428, 8960, 20702, 569, 9352, 1849, 21, 585,
5626, 32475, 509, 2686, 3088, 11383, 24737, 5219, 12200, 10676, 183, 259], [4929, 8619, 10872, 2986, 20092, 6946, 891, 25680, 1885, 20527, 621, 2005, 2592, 23119, 1622, 2188, 2781, 1318, 1259, 5364], [2094, 11996, 20162, 23133, 16165, 6305, 24319, 25746, 552, 668]]

